0.303668,7.020605,1.099553,-0.014425
0.303013,7.019320,1.099553,-0.043952
0.301019,7.015407,1.099270,-0.073479
0.297692,7.008880,1.098322,-0.103005
0.293036,6.999770,1.096331,-0.132721
0.287035,6.988086,1.093155,-0.162437
0.279678,6.973874,1.088520,-0.192153
0.270944,6.957189,1.082158,-0.221894
0.260720,6.937959,1.075076,-0.251634
0.248956,6.916204,1.067343,-0.281374
0.235596,6.891948,1.059030,-0.310361
0.220536,6.865136,1.052054,-0.339348
0.203783,6.835791,1.046838,-0.368334
0.185378,6.803938,1.043803,-0.392561
0.165636,6.770011,1.042918,-0.416787
0.144648,6.734015,1.044473,-0.441014
0.122531,6.695947,1.048758,-0.457042
0.099852,6.656524,1.056277,-0.473071
0.076797,6.615741,1.067235,-0.489100
0.053577,6.573595,1.081829,-0.497546
0.030713,6.530622,1.099000,-0.505992
0.008360,6.486812,1.118812,-0.514438
-0.013320,6.442159,1.141329,-0.523000
-0.034244,6.396469,1.165476,-0.523000
-0.053972,6.350492,1.190874,-0.523000
-0.072501,6.304090,1.216633,-0.523000
-0.089829,6.257227,1.242393,-0.523000
-0.105944,6.209934,1.268152,-0.523000
-0.120836,6.162241,1.293912,-0.523000
-0.134494,6.114179,1.319671,-0.523000
-0.146910,6.065783,1.345431,-0.523000
-0.158075,6.017082,1.371190,-0.523000
-0.167982,5.968110,1.396950,-0.523000
-0.176624,5.918899,1.422709,-0.523000
-0.183996,5.869482,1.448469,-0.523000
-0.190093,5.819890,1.474229,-0.523000
-0.194910,5.770159,1.499988,-0.523000
-0.198445,5.720321,1.525748,-0.523000
-0.200695,5.670407,1.551507,-0.523000
-0.201659,5.620452,1.577267,-0.523000
-0.201336,5.570489,1.603026,-0.523000
-0.199726,5.520551,1.628786,-0.523000
-0.196830,5.470671,1.654545,-0.523000
-0.192650,5.420882,1.680305,-0.523000
-0.187190,5.371217,1.706064,-0.523000
-0.180452,5.321710,1.731824,-0.523000
-0.172441,5.272392,1.757583,-0.523000
-0.163163,5.223297,1.783343,-0.523000
-0.152623,5.174457,1.809102,-0.523000
-0.140828,5.125905,1.834862,-0.523000
-0.127787,5.077672,1.860621,-0.523000
-0.113508,5.029792,1.886381,-0.523000
-0.098001,4.982296,1.912140,-0.523000
-0.081253,4.935153,1.937546,-0.523000
-0.063291,4.888391,1.962597,-0.523000
-0.044138,4.842034,1.987294,-0.523000
-0.023733,4.795908,2.010344,-0.523000
-0.002158,4.750027,2.031739,-0.523000
0.020500,4.704401,2.051470,-0.523000
0.044218,4.658919,2.068477,-0.523000
0.068849,4.613583,2.082743,-0.523000
0.094245,4.568388,2.094253,-0.523000
0.120317,4.523215,2.100693,-0.523000
0.146749,4.478093,2.102042,-0.523000
0.173220,4.433043,2.098295,-0.518708
0.199253,4.388355,2.091657,-0.514416
0.224695,4.344008,2.082186,-0.510125
0.249400,4.299985,2.069939,-0.508969
0.273415,4.255936,2.055664,-0.507813
0.296642,4.211847,2.039377,-0.506658
0.318981,4.167715,2.021099,-0.506419
0.340425,4.123356,2.001583,-0.506180
0.360913,4.078775,1.980836,-0.505941
0.380385,4.033978,1.958863,-0.505479
0.398833,3.988852,1.936606,-0.505017
0.416238,3.943414,1.914067,-0.504556
0.432582,3.897685,1.891246,-0.503183
0.447828,3.851748,1.868315,-0.501810
0.461970,3.805628,1.845276,-0.500437
0.475001,3.759349,1.822130,-0.498299
0.486903,3.712995,1.799000,-0.496161
0.497680,3.666591,1.775886,-0.494024
0.507338,3.620166,1.752789,-0.491592
0.515884,3.573724,1.730017,-0.489160
0.523340,3.527294,1.707567,-0.486728
0.529725,3.480904,1.685438,-0.488813
0.535165,3.433659,1.666609,-0.490899
0.539776,3.385674,1.651144,-0.492985
0.543690,3.337066,1.639102,-0.495973
0.547055,3.287886,1.629984,-0.498962
0.549998,3.238213,1.623841,-0.501951
0.552658,3.188124,1.620715,-0.504459
0.555175,3.137746,1.619503,-0.506967
0.557643,3.087111,1.620224,-0.509476
0.560159,3.036251,1.622897,-0.512919
0.562827,2.985088,1.626994,-0.516361
0.565721,2.933640,1.632532,-0.519804
0.568918,2.881928,1.639529,-0.523000
0.572495,2.829961,1.647333,-0.523000
0.576475,2.778067,1.655900,-0.523000
0.580895,2.726255,1.665231,-0.523000
0.585798,2.674484,1.674515,-0.523000
0.591182,2.622759,1.683754,-0.523000
0.597045,2.571082,1.692946,-0.523000
0.603379,2.519483,1.702486,-0.523000
0.610202,2.467971,1.712372,-0.523000
0.617531,2.416552,1.722605,-0.523000
0.625390,2.365183,1.732427,-0.523000
0.633757,2.313866,1.741840,-0.523000
0.642611,2.262605,1.750842,-0.523000
0.651941,2.211346,1.758430,-0.523000
0.661673,2.160093,1.764601,-0.523000
0.671730,2.108848,1.769355,-0.523000
0.682035,2.057633,1.773478,-0.523000
0.692555,2.006445,1.776972,-0.523000
0.703256,1.955280,1.779835,-0.523000
0.714105,1.904138,1.782240,-0.523000
0.725078,1.853016,1.784187,-0.523000
0.736153,1.801909,1.785676,-0.523000
0.747304,1.750814,1.784833,-0.523000
0.758405,1.699742,1.781660,-0.523000
0.769330,1.648702,1.776158,-0.523000
0.779952,1.597711,1.768265,-0.523000
0.790141,1.546786,1.757986,-0.523000
0.799770,1.495944,1.745329,-0.523000
0.808723,1.445172,1.730673,-0.523000
0.816896,1.394489,1.714024,-0.523000
0.824188,1.343921,1.695391,-0.523000
0.830493,1.293579,1.674233,-0.523000
0.835691,1.243512,1.650569,-0.523000
0.839666,1.193780,1.624418,-0.523000
0.842325,1.144241,1.596823,-0.523000
0.843609,1.094943,1.567793,-0.523000
0.843461,1.045940,1.537336,-0.523000
0.841845,0.997640,1.504012,-0.523000
0.838669,0.950156,1.467863,-0.523000
0.833861,0.903609,1.428933,-0.523000
0.827290,0.857601,1.388955,-0.523000
0.818944,0.812215,1.347934,-0.523000
0.808819,0.767538,1.305879,-0.523000
0.796741,0.723016,1.264808,-0.523000
0.782750,0.678730,1.224729,-0.523000
0.766893,0.634753,1.185647,-0.523000
0.749474,0.591784,1.145317,-0.523000
0.730499,0.549913,1.103749,-0.523000
0.709985,0.509230,1.060955,-0.523000
0.687743,0.469453,1.018189,-0.523000
0.663816,0.430654,0.975453,-0.523000
0.638248,0.392906,0.932746,-0.523000
0.611407,0.356708,0.888507,-0.523000
0.583336,0.322157,0.842754,-0.523000
0.554092,0.289350,0.795506,-0.523000
0.523552,0.258186,0.747448,-0.523000
0.491786,0.228745,0.698587,-0.523000
0.458872,0.201101,0.648929,-0.505850
0.426054,0.176208,0.599990,-0.488700
0.393522,0.153952,0.551842,-0.471550
0.361449,0.134206,0.504552,-0.443408
0.330120,0.116906,0.460922,-0.415266
0.299794,0.101846,0.420852,-0.387124
0.270698,0.088823,0.384245,-0.358047
0.243351,0.077765,0.350423,-0.328969
0.217882,0.068456,0.319380,-0.299892
